"miRNA"	"X4b31b50d.f2ba.4f7e.a49e.0331ea38674a.mirbase21.isoforms.quantification.txt"	"X7888df2c.7336.4256.a863.4a38cf4471c3.mirbase21.isoforms.quantification.txt"	"X88ef0233.d4f6.43ee.aa5f.2bb5089072d5.mirbase21.isoforms.quantification.txt"
"hsa-let-7a-2-3p"	62.820221	7.794153	3.53036
"hsa-let-7a-3p"	32.300276	18.776822	17.6518
"hsa-let-7a-5p"	32491.025233	14816.329034	19520.774758
"hsa-let-7b-3p"	24.415957	16.651144	14.121441
"hsa-let-7b-5p"	23043.067459	5969.966298	10602.378331
"hsa-let-7c-3p"	4.323659	10.451249	3.53036
"hsa-let-7c-5p"	1431.131107	885.521974	844.462205
"hsa-let-7d-3p"	297.060803	334.439984	259.834525
"hsa-let-7d-5p"	123.097113	155.883043	136.977984
"hsa-let-7e-3p"	5.595324	7.262733	1.412144
"hsa-let-7e-5p"	1005.632202	1230.413208	473.774364
"hsa-let-7f-1-3p"	3.814994	3.188517	1.412144
"hsa-let-7f-2-3p"	0.762999	0.885699	0.706072
"hsa-let-7f-5p"	5373.79939	3731.804642	5419.103202
"hsa-let-7g-3p"	35.352271	17.182563	41.658252
"hsa-let-7g-5p"	522.908398	492.802987	586.745896
"hsa-let-7i-3p"	83.166852	60.581819	57.191838
"hsa-let-7i-5p"	438.215551	365.262314	344.563174
"hsa-miR-1"	6.612655	8.502712	7.766792
"hsa-miR-100-3p"	3.051995	0.17714	0.706072
"hsa-miR-100-5p"	15208.851803	6611.921012	1878.151728
"hsa-miR-101-3p"	8770.414985	11783.518131	10785.251001
"hsa-miR-101-5p"	2.797662	8.856992	3.53036
"hsa-miR-103a-2-5p"	0.508666	0.708559	2.824288
"hsa-miR-103a-3p"	14462.639141	12753.358659	18897.31311
"hsa-miR-105-5p"	0	0.8857	0
"hsa-miR-106a-5p"	1.78033	10.80553	11.297153
"hsa-miR-106b-3p"	235.766578	246.047214	451.180057
"hsa-miR-106b-5p"	140.646082	216.287724	351.623895
"hsa-miR-107"	54.935903	81.30718	67.78292
"hsa-miR-10a-3p"	3.814994	2.657098	1.412144
"hsa-miR-10a-5p"	19028.677305	25142.340707	12041.353228
"hsa-miR-10b-3p"	7.121321	1.594258	0
"hsa-miR-10b-5p"	10113.546915	4750.890041	160.278361
"hsa-miR-1179"	0.254333	0.17714	0
"hsa-miR-1180-3p"	15.005641	19.308241	12.709297
"hsa-miR-1185-1-3p"	0	0	0.706072
"hsa-miR-1185-5p"	0.254333	0	1.412144
"hsa-miR-1193"	0.508666	0	0
"hsa-miR-122-3p"	3.814994	6.731314	26.830738
"hsa-miR-122-5p"	349.199043	904.475935	8413.55489
"hsa-miR-1224-5p"	0	0.531419	9.178936
"hsa-miR-1226-3p"	0.254333	0.53142	0.706072
"hsa-miR-1226-5p"	0	0	0.706072
"hsa-miR-1227-3p"	0.254333	0.17714	0
"hsa-miR-1228-3p"	0.762999	0.17714	0.706072
"hsa-miR-1228-5p"	1.017332	0.885699	0
"hsa-miR-1229-3p"	0	0.70856	0
"hsa-miR-1234-3p"	0.254333	0.17714	0
"hsa-miR-1237-3p"	0	0.17714	0
"hsa-miR-1243"	0.254333	0	0
"hsa-miR-1245a"	0.254333	0.17714	0
"hsa-miR-1247-3p"	19.329299	7.971293	1.412144
"hsa-miR-1247-5p"	29.248281	5.491335	4.942504
"hsa-miR-1248"	0.254333	0	0
"hsa-miR-1249"	2.543329	2.657096	1.412144
"hsa-miR-1251-5p"	1.271665	0	0
"hsa-miR-1254"	0.254333	0.35428	7.06072
"hsa-miR-1258"	0.254333	0.17714	2.118216
"hsa-miR-125a-3p"	6.103989	3.188517	1.412144
"hsa-miR-125a-5p"	559.532333	614.675185	324.793156
"hsa-miR-125b-1-3p"	2.034664	0.35428	1.412144
"hsa-miR-125b-2-3p"	14.242642	8.679852	9.178937
"hsa-miR-125b-5p"	1272.936057	529.825209	418.700743
"hsa-miR-126-3p"	2914.654789	3452.986561	3897.517874
"hsa-miR-126-5p"	212.113621	212.567788	311.377786
"hsa-miR-1262"	1.271665	0.35428	0.706072
"hsa-miR-1266-5p"	4.32366	7.617012	18.357874
"hsa-miR-1269a"	4.577991	2.479958	0
"hsa-miR-127-3p"	1531.846929	307.869012	350.917823
"hsa-miR-127-5p"	345.129717	140.471879	176.518018
"hsa-miR-1270"	3.051995	2.657098	0
"hsa-miR-1271-5p"	3.306327	0.17714	0.706072
"hsa-miR-1273h-3p"	0.254333	0	0
"hsa-miR-1277-3p"	0.762999	1.239979	1.412144
"hsa-miR-1278"	0	0	0.706072
"hsa-miR-128-1-5p"	1.525997	5.491335	4.236432
"hsa-miR-128-3p"	154.125724	153.403086	122.150469
"hsa-miR-1283"	0	0	0.706072
"hsa-miR-1284"	0.254333	0.53142	0
"hsa-miR-1286"	0	0.17714	0
"hsa-miR-1287-3p"	1.525997	4.074216	9.178936
"hsa-miR-1287-5p"	16.277305	34.365126	34.597532
"hsa-miR-1288-3p"	0.762999	0.17714	0
"hsa-miR-129-5p"	1.017332	0.17714	0
"hsa-miR-1291"	0.254333	0.17714	2.118216
"hsa-miR-1292-3p"	0	0.17714	0
"hsa-miR-1292-5p"	0	0.53142	1.412144
"hsa-miR-1293"	0.762999	0.17714	0
"hsa-miR-1294"	0.508666	0	0
"hsa-miR-1295b-5p"	0.508666	0	2.824288
"hsa-miR-1296-5p"	4.069326	3.365657	0
"hsa-miR-1301-3p"	8.138653	10.274111	12.709296
"hsa-miR-1304-3p"	0.508666	0.35428	0
"hsa-miR-1304-5p"	0.254333	0	1.412144
"hsa-miR-1306-3p"	1.271665	1.948539	1.412144
"hsa-miR-1306-5p"	7.629987	7.971293	7.06072
"hsa-miR-1307-3p"	787.923258	916.52144	1597.13504
"hsa-miR-1307-5p"	216.182948	260.39554	358.684615
"hsa-miR-130a-3p"	60.02256	99.198301	82.610434
"hsa-miR-130a-5p"	0.762999	1.06284	2.118216
"hsa-miR-130b-3p"	15.768639	12.399788	14.827513
"hsa-miR-130b-5p"	21.109628	8.325572	17.651802
"hsa-miR-132-3p"	125.894776	119.037961	175.105876
"hsa-miR-132-5p"	1.525998	1.239979	1.412144
"hsa-miR-133a-3p"	4.069327	6.377035	9.178936
"hsa-miR-133a-5p"	0	0	0.706072
"hsa-miR-133b"	0	0.8857	0.706072
"hsa-miR-134-3p"	3.560661	0	1.412144
"hsa-miR-134-5p"	900.592723	96.895483	165.926939
"hsa-miR-1343-3p"	0.762999	0.17714	0.706072
"hsa-miR-135a-3p"	0	0	0.706072
"hsa-miR-135a-5p"	2.288997	0.35428	0
"hsa-miR-135b-3p"	0.508666	0.531419	0
"hsa-miR-135b-5p"	32.300275	74.044446	1.412144
"hsa-miR-136-3p"	24.161624	6.731315	19.063946
"hsa-miR-136-5p"	65.36355	22.673898	35.303603
"hsa-miR-137"	8.647319	0.17714	8.472865
"hsa-miR-138-1-3p"	2.034663	0	0
"hsa-miR-138-5p"	11.190647	0.35428	9.178936
"hsa-miR-139-3p"	11.699314	6.731314	12.709297
"hsa-miR-139-5p"	57.224897	45.170654	136.271911
"hsa-miR-140-3p"	1145.00662	898.0989	869.8808
"hsa-miR-140-5p"	47.814582	57.216162	52.955405
"hsa-miR-141-3p"	20.092297	14.879744	16.239657
"hsa-miR-141-5p"	12.462311	8.502713	5.648576
"hsa-miR-142-3p"	3679.179424	1319.16026	1261.750803
"hsa-miR-142-5p"	181.085011	52.787667	37.421819
"hsa-miR-143-3p"	44724.182353	58966.126972	19599.14876
"hsa-miR-143-5p"	57.987898	58.101862	46.600757
"hsa-miR-144-3p"	0.508666	7.794153	4.942504
"hsa-miR-144-5p"	13.22531	60.936099	56.485766
"hsa-miR-145-3p"	36.623936	49.599152	17.651801
"hsa-miR-145-5p"	1562.875539	1469.729107	1055.577757
"hsa-miR-1468-5p"	6.612654	13.462627	5.648576
"hsa-miR-146a-3p"	2.288997	0	0
"hsa-miR-146a-5p"	185.917335	68.198833	50.837189
"hsa-miR-146b-3p"	123.097114	54.027648	138.390127
"hsa-miR-146b-5p"	768.59396	348.965451	1030.159162
"hsa-miR-147b"	1.525998	0.35428	0
"hsa-miR-148a-3p"	13303.135544	22111.478342	16876.534824
"hsa-miR-148a-5p"	16.022973	24.268156	14.121441
"hsa-miR-148b-3p"	137.84842	177.316962	103.792596
"hsa-miR-148b-5p"	1.525998	0.708559	1.412144
"hsa-miR-149-3p"	0.254333	0.35428	0
"hsa-miR-149-5p"	9.918983	28.342371	4.236432
"hsa-miR-150-3p"	1.271665	2.834237	0
"hsa-miR-150-5p"	726.629036	725.564712	190.639461
"hsa-miR-151a-3p"	1663.845692	1633.406305	1204.558965
"hsa-miR-151a-5p"	105.548145	96.718342	112.971533
"hsa-miR-151b"	0.762999	1.948538	1.412144
"hsa-miR-152-3p"	193.547321	223.196177	105.20474
"hsa-miR-152-5p"	0.762999	0.17714	2.118216
"hsa-miR-153-3p"	1.780331	1.948538	0.706072
"hsa-miR-153-5p"	12.462311	23.028177	2.824288
"hsa-miR-1537-3p"	0.254333	0.17714	0
"hsa-miR-1537-5p"	0.254333	0	0
"hsa-miR-1538"	0.762999	0.17714	0
"hsa-miR-154-3p"	8.647318	1.062839	1.412144
"hsa-miR-154-5p"	8.901651	2.302818	8.472865
"hsa-miR-155-3p"	1.271665	0.17714	0.706072
"hsa-miR-155-5p"	1120.844996	113.723765	83.316505
"hsa-miR-15a-3p"	0	0.17714	0.706072
"hsa-miR-15a-5p"	171.929027	99.021161	196.994109
"hsa-miR-15b-3p"	25.433288	38.970762	60.722199
"hsa-miR-15b-5p"	344.366717	226.207554	847.286494
"hsa-miR-16-1-3p"	5.849656	4.428495	5.648577
"hsa-miR-16-2-3p"	10.681981	10.27411	20.47609
"hsa-miR-16-5p"	384.042646	442.318139	744.906043
"hsa-miR-17-3p"	294.008809	206.190753	373.512129
"hsa-miR-17-5p"	296.552137	213.276348	631.228438
"hsa-miR-181a-2-3p"	1091.851048	756.741322	920.71799
"hsa-miR-181a-3p"	438.21555	106.815314	80.492217
"hsa-miR-181a-5p"	3367.367314	1659.800142	2978.212028
"hsa-miR-181b-3p"	11.953645	8.148433	4.236432
"hsa-miR-181b-5p"	747.48433	458.792143	778.091427
"hsa-miR-181c-3p"	109.61747	23.028177	37.421819
"hsa-miR-181c-5p"	118.519121	32.770867	108.7351
"hsa-miR-181d-5p"	53.155572	9.034131	39.540036
"hsa-miR-182-3p"	0	0.17714	0
"hsa-miR-182-5p"	4466.848346	9362.193899	20935.743204
"hsa-miR-183-3p"	0.254333	0.53142	0.706072
"hsa-miR-183-5p"	1532.609927	3826.220168	2880.774078
"hsa-miR-184"	0	74.575865	0
"hsa-miR-185-3p"	7.375654	7.971293	3.53036
"hsa-miR-185-5p"	100.71582	87.152793	122.856542
"hsa-miR-186-3p"	0	0.17714	0
"hsa-miR-186-5p"	177.52435	160.134401	365.039264
"hsa-miR-187-3p"	8.901652	49.599151	2.118216
"hsa-miR-188-3p"	0.508666	0.531419	0
"hsa-miR-188-5p"	1.017332	0.885699	2.824288
"hsa-miR-18a-3p"	1.780331	0.53142	0.706072
"hsa-miR-18a-5p"	7.375655	6.731313	8.472865
"hsa-miR-18b-5p"	0	0.53142	0
"hsa-miR-190a-3p"	0.254333	0.35428	0.706072
"hsa-miR-190a-5p"	0.762999	1.239979	2.118216
"hsa-miR-190b"	0.254333	0	0
"hsa-miR-191-3p"	1.017332	0.17714	0
"hsa-miR-191-5p"	646.005512	222.841898	816.925395
"hsa-miR-192-3p"	27.213619	8.856991	104.498667
"hsa-miR-192-5p"	7368.023491	1926.04129	24082.706456
"hsa-miR-193a-3p"	15.768638	16.119724	13.41537
"hsa-miR-193a-5p"	685.681442	325.937273	561.327302
"hsa-miR-193b-3p"	51.12091	118.152261	144.038704
"hsa-miR-193b-5p"	3.051995	3.897076	12.003225
"hsa-miR-194-3p"	15.259974	5.314195	24.00645
"hsa-miR-194-5p"	3141.77405	877.196402	10548.010782
"hsa-miR-195-3p"	0	3.365656	4.236432
"hsa-miR-195-5p"	14.751307	31.530888	16.945729
"hsa-miR-196a-5p"	1.271665	0.8857	0
"hsa-miR-196b-5p"	8.392985	5.491335	16.945729
"hsa-miR-197-3p"	332.158741	332.668587	296.550273
"hsa-miR-1976"	9.66465	3.897076	3.53036
"hsa-miR-199a-3p"	2147.586827	3143.523292	1390.25592
"hsa-miR-199a-5p"	739.345678	1336.34282	1403.671292
"hsa-miR-199b-3p"	2144.534832	3139.626216	1386.019489
"hsa-miR-199b-5p"	65.36355	130.197771	23.300378
"hsa-miR-19a-3p"	16.277305	10.98267	38.833964
"hsa-miR-19a-5p"	0	0	0.706072
"hsa-miR-19b-1-5p"	12.207978	5.491335	12.003225
"hsa-miR-19b-3p"	90.796838	54.381925	169.457299
"hsa-miR-200a-3p"	287.650487	246.578633	1334.476227
"hsa-miR-200a-5p"	447.625868	316.548862	896.005467
"hsa-miR-200b-3p"	493.660118	403.878795	1562.537509
"hsa-miR-200b-5p"	15.259973	8.856991	46.600758
"hsa-miR-200c-3p"	165.316372	105.752474	62.840414
"hsa-miR-200c-5p"	0.762999	0.531419	0
"hsa-miR-202-5p"	0.254333	0.531419	0
"hsa-miR-203a"	1447.917079	1007.217031	1044.280604
"hsa-miR-203b-3p"	8.138652	0.17714	0
"hsa-miR-204-3p"	0	0	0.706072
"hsa-miR-204-5p"	0.762999	11.514089	100.262235
"hsa-miR-205-5p"	0.508666	0	1.412144
"hsa-miR-206"	0	0.35428	0
"hsa-miR-20a-3p"	4.069327	1.594259	3.53036
"hsa-miR-20a-5p"	329.615411	216.464862	638.995231
"hsa-miR-20b-3p"	0.254333	1.771399	0
"hsa-miR-20b-5p"	5.595324	24.268156	13.415369
"hsa-miR-21-3p"	2180.141436	3522.24823	1570.3043
"hsa-miR-21-5p"	491190.799258	466322.354091	525352.224054
"hsa-miR-210-3p"	1593.649818	175.899845	875.529377
"hsa-miR-210-5p"	1.525998	0.17714	0
"hsa-miR-211-5p"	0	0.17714	1.412144
"hsa-miR-2110"	0.508666	0.53142	1.412144
"hsa-miR-2114-5p"	0.254333	0	0
"hsa-miR-2115-3p"	1.017332	0.17714	0.706072
"hsa-miR-2115-5p"	0	0.17714	0
"hsa-miR-2116-3p"	0.508666	0.70856	0
"hsa-miR-2116-5p"	0.508666	0	0.706072
"hsa-miR-212-3p"	4.832325	4.251356	2.118216
"hsa-miR-212-5p"	0.254333	0	0
"hsa-miR-214-3p"	3.560661	4.251356	3.53036
"hsa-miR-214-5p"	18.057635	29.228071	34.597531
"hsa-miR-215-5p"	47.051584	10.27411	118.620108
"hsa-miR-216a-3p"	0	0.17714	0
"hsa-miR-216a-5p"	0	2.302818	0
"hsa-miR-216b-5p"	0	1.771398	0
"hsa-miR-217"	15.514307	115.318025	19.063945
"hsa-miR-218-1-3p"	1.017332	1.239978	0
"hsa-miR-218-5p"	159.466717	90.51845	35.303604
"hsa-miR-219a-1-3p"	2.288996	1.062839	2.118216
"hsa-miR-219a-5p"	0	0.53142	0.706072
"hsa-miR-219b-3p"	0	0.35428	0
"hsa-miR-22-3p"	144622.067701	93242.151201	70206.158924
"hsa-miR-22-5p"	57.479231	27.633813	24.712522
"hsa-miR-221-3p"	408.458605	202.293677	124.268686
"hsa-miR-221-5p"	1.780331	1.06284	1.412144
"hsa-miR-222-3p"	86.981846	50.30771	59.310055
"hsa-miR-222-5p"	12.207979	5.491335	1.412144
"hsa-miR-223-3p"	966.464941	387.581932	329.73566
"hsa-miR-223-5p"	3.814995	2.834237	2.118216
"hsa-miR-224-3p"	0.762999	2.125678	3.53036
"hsa-miR-224-5p"	59.768227	53.850506	111.559389
"hsa-miR-2276-3p"	0	0	0.706072
"hsa-miR-2277-3p"	0	0.17714	0
"hsa-miR-2277-5p"	1.017332	0.708559	0
"hsa-miR-2355-3p"	4.577993	1.594259	9.178936
"hsa-miR-2355-5p"	38.658598	12.576927	38.833964
"hsa-miR-23a-3p"	5779.968996	3821.083112	3689.932682
"hsa-miR-23a-5p"	1.780331	7.439874	0.706072
"hsa-miR-23b-3p"	895.760399	956.555042	1161.488567
"hsa-miR-23b-5p"	0.762999	0.35428	0.706072
"hsa-miR-23c"	0	0.35428	2.824288
"hsa-miR-24-1-5p"	7.629987	8.502712	19.770017
"hsa-miR-24-2-5p"	24.415957	20.902499	21.182163
"hsa-miR-24-3p"	1716.746934	1614.806622	1346.479448
"hsa-miR-25-3p"	4349.346557	7333.942933	14495.659776
"hsa-miR-25-5p"	0	0.17714	1.412144
"hsa-miR-2682-5p"	0.254333	0	0
"hsa-miR-26a-1-3p"	0.762999	1.062839	1.412144
"hsa-miR-26a-2-3p"	3.560661	2.479958	3.53036
"hsa-miR-26a-5p"	1469.789705	1882.996315	2041.960449
"hsa-miR-26b-3p"	17.294637	22.142478	16.239657
"hsa-miR-26b-5p"	375.395329	417.872842	381.278921
"hsa-miR-27a-3p"	2281.365919	1385.764831	1263.162947
"hsa-miR-27a-5p"	18.057634	20.548219	3.53036
"hsa-miR-27b-3p"	1071.250084	1064.610332	1444.623471
"hsa-miR-27b-5p"	7.121321	11.514088	17.651801
"hsa-miR-28-3p"	3757.768281	3469.460563	3315.008408
"hsa-miR-28-5p"	121.82545	114.963744	93.201514
"hsa-miR-296-3p"	1.780331	0.35428	2.118216
"hsa-miR-296-5p"	2.034664	0.53142	7.060721
"hsa-miR-299-3p"	5.086658	0.531419	2.118216
"hsa-miR-299-5p"	13.733976	2.479958	2.118216
"hsa-miR-29a-3p"	7972.31841	8393.239071	9358.27933
"hsa-miR-29a-5p"	13.479644	10.62839	6.354648
"hsa-miR-29b-1-5p"	5.340992	2.834237	4.236432
"hsa-miR-29b-2-5p"	17.54897	18.599681	14.121441
"hsa-miR-29b-3p"	1003.851873	956.377904	2434.536526
"hsa-miR-29c-3p"	1050.903455	1264.246913	732.196745
"hsa-miR-29c-5p"	13.733977	20.725359	9.178937
"hsa-miR-301a-3p"	6.10399	6.554174	10.591082
"hsa-miR-301a-5p"	0.762999	3.188517	3.53036
"hsa-miR-301b"	0.508666	0.531419	0.706072
"hsa-miR-3064-3p"	0.762999	0.17714	0.706072
"hsa-miR-3065-3p"	7.375654	33.656566	9.885009
"hsa-miR-3065-5p"	0.254333	1.771398	0
"hsa-miR-3074-5p"	2.288996	2.657097	6.354649
"hsa-miR-30a-3p"	5304.112181	10621.480894	7160.276948
"hsa-miR-30a-5p"	20203.949538	65133.427033	49720.889707
"hsa-miR-30b-3p"	1.271665	11.514089	1.412144
"hsa-miR-30b-5p"	305.962454	1236.967382	847.992566
"hsa-miR-30c-1-3p"	0.254333	0.531419	0.706072
"hsa-miR-30c-2-3p"	60.785559	99.021161	19.063946
"hsa-miR-30c-5p"	403.880611	828.305811	1170.667505
"hsa-miR-30d-3p"	4.832326	17.891123	12.709297
"hsa-miR-30d-5p"	5843.297883	30999.468934	18047.20233
"hsa-miR-30e-3p"	3871.200746	3253.17284	3676.517314
"hsa-miR-30e-5p"	3601.099227	4997.822952	10554.36543
"hsa-miR-31-3p"	45.016919	0.35428	0.706072
"hsa-miR-31-5p"	53.918572	0.708559	0
"hsa-miR-3116"	0.254333	0.17714	0
"hsa-miR-3117-3p"	0.254333	0.8857	0.706072
"hsa-miR-3117-5p"	0	0.17714	0
"hsa-miR-3127-3p"	0	0.17714	0
"hsa-miR-3127-5p"	2.034663	8.325573	3.53036
"hsa-miR-3129-3p"	0	0.35428	0
"hsa-miR-3129-5p"	0.254333	0	0
"hsa-miR-3130-3p"	0.762999	0	0
"hsa-miR-3130-5p"	3.306328	5.668475	7.766792
"hsa-miR-3131"	0.254333	0.17714	0
"hsa-miR-3136-5p"	0.254333	0.17714	0.706072
"hsa-miR-3137"	0.254333	0	0
"hsa-miR-3140-3p"	0.508666	0	0.706072
"hsa-miR-3149"	0.508666	0	0
"hsa-miR-3150a-5p"	0	0.17714	0
"hsa-miR-3150b-3p"	0.762999	0.17714	0
"hsa-miR-3152-5p"	1.78033	0.17714	0
"hsa-miR-3157-3p"	0	0.35428	0.706072
"hsa-miR-3157-5p"	0.508666	0.17714	0
"hsa-miR-3158-3p"	0	0.17714	0
"hsa-miR-3158-5p"	0	0.17714	0
"hsa-miR-3161"	3.051995	0	0
"hsa-miR-3162-5p"	0	0.17714	0
"hsa-miR-3170"	1.017332	1.948539	1.412144
"hsa-miR-3173-5p"	0.254333	0.35428	0
"hsa-miR-3174"	0.254333	0.17714	0.706072
"hsa-miR-3176"	0.508666	0.17714	0
"hsa-miR-3177-3p"	0	0	0.706072
"hsa-miR-3183"	0	0.17714	0
"hsa-miR-3187-3p"	0	0	0.706072
"hsa-miR-3187-5p"	0	0.35428	0
"hsa-miR-3189-3p"	0.762999	2.834237	0.706072
"hsa-miR-3189-5p"	0	0.53142	0
"hsa-miR-3190-3p"	0	0.17714	0
"hsa-miR-3190-5p"	0	0	0.706072
"hsa-miR-3191-3p"	0.508666	0.17714	0
"hsa-miR-3191-5p"	0.254333	0.17714	0
"hsa-miR-3193"	0.762999	0.17714	0.706072
"hsa-miR-3194-3p"	0	0	0.706072
"hsa-miR-3194-5p"	0	0.17714	0
"hsa-miR-3198"	0	0.17714	0
"hsa-miR-3199"	0.254333	0.53142	0.706072
"hsa-miR-32-3p"	0.762999	0.885699	0
"hsa-miR-32-5p"	26.704953	16.296864	59.310054
"hsa-miR-3200-3p"	2.288996	5.314194	2.824288
"hsa-miR-320a"	184.645672	337.451361	257.716309
"hsa-miR-320b"	2.034664	3.719937	0.706072
"hsa-miR-320c"	0.254333	1.771399	0
"hsa-miR-320d"	0	0.53142	0
"hsa-miR-320e"	0	0.17714	0
"hsa-miR-323a-3p"	20.600963	1.594258	5.648577
"hsa-miR-323b-3p"	14.242642	2.125678	10.591081
"hsa-miR-324-3p"	11.44498	11.868368	7.060721
"hsa-miR-324-5p"	21.618295	19.662521	28.948955
"hsa-miR-326"	4.577993	10.628389	2.824288
"hsa-miR-328-3p"	19.837966	17.713983	25.418594
"hsa-miR-329-3p"	3.306329	0.35428	0.706072
"hsa-miR-330-3p"	1.525998	3.011378	1.412144
"hsa-miR-330-5p"	19.583632	26.216694	21.182162
"hsa-miR-331-3p"	21.363962	13.462627	38.127892
"hsa-miR-331-5p"	3.306329	3.897078	5.648576
"hsa-miR-335-3p"	29.248281	120.9865	153.923714
"hsa-miR-335-5p"	3.306328	6.022754	12.709297
"hsa-miR-337-3p"	63.328889	22.319618	39.540035
"hsa-miR-338-3p"	652.618168	333.377144	1291.405832
"hsa-miR-338-5p"	4.832324	4.074217	12.709297
"hsa-miR-339-3p"	3.051996	7.262733	2.824288
"hsa-miR-339-5p"	15.514306	17.891121	45.894685
"hsa-miR-33a-3p"	1.525998	0.70856	2.118216
"hsa-miR-33a-5p"	13.733975	24.445295	35.303604
"hsa-miR-33b-3p"	0.508666	0.35428	0
"hsa-miR-33b-5p"	1.271665	3.188517	4.236432
"hsa-miR-340-3p"	7.629986	6.554174	14.121441
"hsa-miR-340-5p"	9.918982	8.502711	19.063946
"hsa-miR-342-3p"	101.987485	61.821798	93.201515
"hsa-miR-342-5p"	8.901651	4.251357	4.942504
"hsa-miR-345-3p"	0.508666	0.17714	0
"hsa-miR-345-5p"	9.410316	4.428497	2.824288
"hsa-miR-346"	0.254333	1.948538	0.706072
"hsa-miR-34a-3p"	1.017332	0.53142	0.706072
"hsa-miR-34a-5p"	324.020088	387.227651	653.822744
"hsa-miR-34b-3p"	1.017332	0.531419	2.824288
"hsa-miR-34b-5p"	1.271665	0.35428	2.118216
"hsa-miR-34c-3p"	3.814994	2.302818	4.236432
"hsa-miR-34c-5p"	3.814994	1.417119	6.354648
"hsa-miR-3591-5p"	0	0	1.412144
"hsa-miR-3605-3p"	1.525998	1.771399	3.53036
"hsa-miR-3605-5p"	0.254333	0	0.706072
"hsa-miR-3606-5p"	0	0.17714	0
"hsa-miR-3607-3p"	12.20798	21.43392	19.770017
"hsa-miR-3607-5p"	0	0.35428	0
"hsa-miR-3609"	0.254333	0.17714	0
"hsa-miR-361-3p"	227.373596	179.265501	374.2182
"hsa-miR-361-5p"	196.853647	184.048277	192.757677
"hsa-miR-3610"	1.271665	0	0
"hsa-miR-3611"	0.508666	0	0
"hsa-miR-3613-3p"	0.508666	0.53142	0
"hsa-miR-3613-5p"	8.138652	4.782776	2.824288
"hsa-miR-3614-3p"	1.271665	1.06284	0
"hsa-miR-3614-5p"	0.508666	1.417119	0
"hsa-miR-3615"	5.595323	7.085593	21.182162
"hsa-miR-362-3p"	0.762999	2.479957	0.706072
"hsa-miR-362-5p"	2.034664	12.576927	15.533586
"hsa-miR-3620-3p"	0	0.17714	0
"hsa-miR-3622b-3p"	0.254333	0	0
"hsa-miR-363-3p"	2.797662	12.222647	9.885009
"hsa-miR-3651"	0	0.17714	0
"hsa-miR-3652"	0.254333	0	0
"hsa-miR-3653"	2.034664	1.771399	4.942504
"hsa-miR-3654"	0	0	1.412144
"hsa-miR-3655"	0.254333	0	0
"hsa-miR-365a-3p"	35.35227	56.153324	40.952182
"hsa-miR-365a-5p"	0	0.70856	0
"hsa-miR-365b-3p"	35.35227	56.153324	40.952182
"hsa-miR-365b-5p"	1.017332	0.17714	0
"hsa-miR-3661"	0.508666	0	0
"hsa-miR-3662"	0	0.17714	0.706072
"hsa-miR-3664-3p"	0	0.35428	0
"hsa-miR-3664-5p"	0	0.17714	0.706072
"hsa-miR-3677-3p"	2.797661	2.657097	1.412144
"hsa-miR-3677-5p"	0.508666	1.062839	0
"hsa-miR-3678-3p"	0	0	0.706072
"hsa-miR-3678-5p"	0.762999	0	0.706072
"hsa-miR-3679-3p"	0	0	0.706072
"hsa-miR-3680-5p"	0	0.17714	0
"hsa-miR-3681-5p"	0	0.17714	0
"hsa-miR-3682-3p"	0.762999	0.8857	0
"hsa-miR-3684"	0.762999	0	0.706072
"hsa-miR-3688-3p"	0.254333	0.17714	0
"hsa-miR-369-3p"	34.334939	6.908453	12.709297
"hsa-miR-369-5p"	6.612655	2.125678	2.824288
"hsa-miR-3690"	0.508666	0.35428	0.706072
"hsa-miR-3691-5p"	0.508666	0.17714	0
"hsa-miR-370-3p"	35.606603	2.125679	2.824288
"hsa-miR-370-5p"	3.814994	1.771398	2.824288
"hsa-miR-372-3p"	0.254333	0	0.706072
"hsa-miR-374a-3p"	957.563288	559.584701	747.730331
"hsa-miR-374a-5p"	24.924622	14.525465	27.53681
"hsa-miR-374b-3p"	1.017332	1.239979	2.118216
"hsa-miR-374b-5p"	62.565888	68.730251	60.016128
"hsa-miR-375"	1895.797275	25268.81854	2042.666522
"hsa-miR-376a-2-5p"	1.525998	0	0
"hsa-miR-376a-3p"	8.138653	0.17714	0.706072
"hsa-miR-376a-5p"	1.271665	0.35428	0
"hsa-miR-376b-3p"	6.612655	1.239979	0.706072
"hsa-miR-376b-5p"	1.780331	0	0.706072
"hsa-miR-376c-3p"	28.485283	3.011377	9.178937
"hsa-miR-376c-5p"	2.034664	0	0.706072
"hsa-miR-377-3p"	3.306328	1.239978	2.824288
"hsa-miR-377-5p"	4.069326	0.17714	0.706072
"hsa-miR-378a-3p"	247.974556	261.458377	242.888794
"hsa-miR-378a-5p"	40.947594	86.798513	32.479315
"hsa-miR-378c"	4.069326	7.085594	5.648576
"hsa-miR-378d"	0	0.53142	1.412144
"hsa-miR-379-3p"	4.069327	0.53142	0.706072
"hsa-miR-379-5p"	2542.565786	358.708141	562.033374
"hsa-miR-380-3p"	1.78033	0	0.706072
"hsa-miR-380-5p"	1.017332	0.531419	0.706072
"hsa-miR-381-3p"	278.748835	42.690697	86.140793
"hsa-miR-381-5p"	0.508666	0	0.706072
"hsa-miR-382-3p"	8.647318	2.302818	3.53036
"hsa-miR-382-5p"	86.473181	12.045509	13.415369
"hsa-miR-383-3p"	0	0.17714	0
"hsa-miR-383-5p"	0	0.70856	3.53036
"hsa-miR-3909"	0.254333	0.17714	0
"hsa-miR-3912-3p"	0.508666	1.417118	0
"hsa-miR-3913-3p"	0	0.17714	0
"hsa-miR-3913-5p"	5.08666	3.542798	3.53036
"hsa-miR-3917"	0.254333	0	0
"hsa-miR-3919"	0.508666	0	0
"hsa-miR-3922-3p"	2.034663	0.53142	0
"hsa-miR-3926"	0	0.53142	0
"hsa-miR-3928-3p"	0.508666	2.479958	2.118216
"hsa-miR-3928-5p"	0	0.17714	0
"hsa-miR-3934-3p"	0.254333	2.834237	1.412144
"hsa-miR-3934-5p"	0.254333	0.17714	2.118216
"hsa-miR-3936"	0	0.17714	0
"hsa-miR-3940-3p"	0.254333	0	2.118216
"hsa-miR-3940-5p"	0.508666	0	1.412144
"hsa-miR-3942-5p"	0.762999	0.53142	0
"hsa-miR-3944-3p"	0.254333	0	0
"hsa-miR-409-3p"	63.328889	9.74269	19.770017
"hsa-miR-409-5p"	17.294636	5.137055	8.472864
"hsa-miR-410-3p"	35.860936	12.576928	16.94573
"hsa-miR-410-5p"	0.254333	0	0
"hsa-miR-411-3p"	7.88432	0.708559	0.706072
"hsa-miR-411-5p"	23.652959	3.188517	7.766793
"hsa-miR-412-3p"	0.508666	0.17714	0
"hsa-miR-412-5p"	18.057635	3.011377	0.706072
"hsa-miR-421"	0.508666	0.885699	1.412144
"hsa-miR-423-3p"	113.686798	99.906862	249.243443
"hsa-miR-423-5p"	19.583632	36.490805	82.610433
"hsa-miR-424-3p"	1.271665	1.239979	0.706072
"hsa-miR-424-5p"	104.022148	85.558535	174.399803
"hsa-miR-425-3p"	7.629988	3.542797	5.648576
"hsa-miR-425-5p"	99.952823	104.689635	110.853316
"hsa-miR-4284"	0	0.17714	0
"hsa-miR-4286"	0.254333	0	0
"hsa-miR-429"	81.132188	69.97023	115.795821
"hsa-miR-4306"	0	0.17714	0
"hsa-miR-431-3p"	16.785974	1.417119	3.53036
"hsa-miR-431-5p"	4.832326	0.885699	3.53036
"hsa-miR-432-3p"	0	0	0.706072
"hsa-miR-432-5p"	33.571941	3.542796	16.239657
"hsa-miR-4326"	2.543329	3.188517	4.236432
"hsa-miR-433-3p"	3.051995	1.417119	1.412144
"hsa-miR-4423-5p"	0.254333	0	0
"hsa-miR-4431"	0.762999	0.53142	0
"hsa-miR-4435"	0	0	0.706072
"hsa-miR-4442"	0.254333	0	1.412144
"hsa-miR-4444"	1.525998	0	2.118216
"hsa-miR-4449"	0.254333	0.35428	0
"hsa-miR-4454"	0.254333	0.17714	0.706072
"hsa-miR-4461"	0.254333	0.53142	0.706072
"hsa-miR-4466"	0.254333	0.17714	0
"hsa-miR-4469"	0	0	0.706072
"hsa-miR-4473"	0.762999	0.70856	2.824288
"hsa-miR-4474-5p"	0	0	0.706072
"hsa-miR-4489"	0	0	0.706072
"hsa-miR-4491"	0	0.35428	0
"hsa-miR-449a"	0	0	0.706072
"hsa-miR-449c-5p"	0	0.17714	0
"hsa-miR-450a-1-3p"	0.254333	0	0
"hsa-miR-450a-2-3p"	0	0.17714	0
"hsa-miR-450a-5p"	7.88432	7.617012	6.354648
"hsa-miR-450b-5p"	10.427649	8.148432	11.297153
"hsa-miR-4515"	0.254333	0	0
"hsa-miR-4519"	0	0.17714	0
"hsa-miR-451a"	57.987897	426.198414	192.051605
"hsa-miR-452-3p"	1.78033	3.719937	2.824288
"hsa-miR-452-5p"	84.184185	80.598619	57.191836
"hsa-miR-4521"	0.254333	0.35428	0
"hsa-miR-4522"	0	0.17714	0
"hsa-miR-4523"	0.254333	0	0
"hsa-miR-4525"	0	0.17714	0
"hsa-miR-4533"	0	0.53142	0
"hsa-miR-4536-3p"	0.254333	0.17714	0
"hsa-miR-454-3p"	5.086658	7.617013	22.594306
"hsa-miR-454-5p"	1.017332	0.35428	0
"hsa-miR-455-3p"	290.448147	373.410747	670.768473
"hsa-miR-455-5p"	34.080607	42.513557	91.789369
"hsa-miR-4636"	0.508666	0.53142	0
"hsa-miR-4638-3p"	1.525997	0.8857	0
"hsa-miR-4640-5p"	0.254333	0	0
"hsa-miR-4645-3p"	1.525998	0.17714	0
"hsa-miR-4646-3p"	0	0.35428	0
"hsa-miR-4649-5p"	0	0.17714	0
"hsa-miR-4657"	0.508666	0	0
"hsa-miR-4658"	0	0	0.706072
"hsa-miR-4660"	0.762999	0.17714	1.412144
"hsa-miR-4661-5p"	9.410316	1.594259	1.412144
"hsa-miR-4662a-5p"	9.410317	6.908453	9.885009
"hsa-miR-4664-3p"	0	0.531419	0
"hsa-miR-4664-5p"	0	0.35428	0
"hsa-miR-4668-3p"	3.051995	1.062839	0.706072
"hsa-miR-4673"	0	0.17714	0
"hsa-miR-4674"	0	0.17714	2.118216
"hsa-miR-4676-5p"	0.254333	0.17714	0.706072
"hsa-miR-4677-3p"	23.144293	8.325572	12.003225
"hsa-miR-4677-5p"	1.017332	0	0.706072
"hsa-miR-4684-5p"	0.254333	0	0
"hsa-miR-4685-3p"	0.254333	0.17714	0
"hsa-miR-4687-3p"	0	0.17714	0
"hsa-miR-4705"	0.254333	0	0
"hsa-miR-4707-3p"	0.508666	0	0
"hsa-miR-4707-5p"	0.508666	0	0
"hsa-miR-4709-3p"	0.508666	0.35428	0.706072
"hsa-miR-4724-5p"	0.762999	0.8857	2.824288
"hsa-miR-4725-3p"	0.254333	0	0
"hsa-miR-4728-3p"	1.525998	0.8857	0.706072
"hsa-miR-4732-3p"	0	0.17714	0
"hsa-miR-4733-5p"	0	0.17714	0
"hsa-miR-4735-3p"	0	0	0.706072
"hsa-miR-4735-5p"	0.254333	0	0
"hsa-miR-4738-3p"	0	0.17714	0
"hsa-miR-4740-5p"	0	0.35428	0
"hsa-miR-4742-3p"	0.762999	0.17714	0.706072
"hsa-miR-4746-5p"	2.797662	0.885699	5.648576
"hsa-miR-4750-5p"	0.254333	0	0
"hsa-miR-4754"	0.254333	0.17714	0.706072
"hsa-miR-4755-3p"	0.254333	0	0
"hsa-miR-4755-5p"	0	0.17714	0
"hsa-miR-4758-3p"	0.254333	0.17714	0
"hsa-miR-4758-5p"	0.254333	0.17714	0
"hsa-miR-4760-5p"	0.254333	0	0
"hsa-miR-4762-3p"	0.254333	0	0
"hsa-miR-4763-5p"	0.254333	0	0
"hsa-miR-4766-3p"	0.508666	0.17714	0
"hsa-miR-4766-5p"	0	0	0.706072
"hsa-miR-4768-5p"	0.254333	0	0
"hsa-miR-4772-3p"	5.849657	10.45125	4.942504
"hsa-miR-4772-5p"	2.034663	0.53142	0
"hsa-miR-4775"	0.254333	0.17714	0
"hsa-miR-4777-3p"	1.017332	0.53142	0
"hsa-miR-4781-3p"	0.254333	0.35428	0
"hsa-miR-4781-5p"	0	0.17714	0
"hsa-miR-4782-5p"	0.254333	0	0
"hsa-miR-4786-5p"	0.254333	0.17714	0
"hsa-miR-4787-3p"	0	0.35428	0
"hsa-miR-4788"	0.254333	0.35428	0
"hsa-miR-4791"	0	0	0.706072
"hsa-miR-4795-3p"	0.254333	0	0
"hsa-miR-4796-5p"	0.508666	0.53142	1.412144
"hsa-miR-4797-3p"	0.762999	0.17714	1.412144
"hsa-miR-4800-3p"	0	0.17714	0
"hsa-miR-483-3p"	3.814995	4.251355	7.060721
"hsa-miR-483-5p"	5.595324	2.657098	7.06072
"hsa-miR-484"	55.190235	72.095908	72.725424
"hsa-miR-485-3p"	28.739616	2.479958	5.648576
"hsa-miR-485-5p"	0	0	0.706072
"hsa-miR-486-3p"	2.034664	0.17714	0
"hsa-miR-486-5p"	48.831913	55.267624	115.089749
"hsa-miR-487a-3p"	1.78033	0.17714	3.53036
"hsa-miR-487a-5p"	1.525997	0.531419	1.412144
"hsa-miR-487b-3p"	18.311969	3.188517	4.942504
"hsa-miR-487b-5p"	0.254333	0	0
"hsa-miR-488-3p"	0	0.17714	0
"hsa-miR-489-3p"	0.254333	0	0.706072
"hsa-miR-491-3p"	0.254333	0.35428	1.412144
"hsa-miR-491-5p"	1.271665	2.302818	1.412144
"hsa-miR-493-3p"	17.803302	1.771398	7.766793
"hsa-miR-493-5p"	26.196286	5.491334	12.003225
"hsa-miR-494-3p"	4.32366	0.17714	1.412144
"hsa-miR-494-5p"	0.762999	0	0
"hsa-miR-495-3p"	31.282944	6.908453	14.121441
"hsa-miR-496"	6.612656	0.70856	2.118216
"hsa-miR-497-3p"	0	0.17714	0
"hsa-miR-497-5p"	4.832325	15.765444	19.063946
"hsa-miR-4999-3p"	0	0.35428	0
"hsa-miR-4999-5p"	0.762999	2.834238	0.706072
"hsa-miR-499a-5p"	0.254333	0	0.706072
"hsa-miR-499b-3p"	0	0.17714	0
"hsa-miR-499b-5p"	0	0.17714	0
"hsa-miR-5000-3p"	0.762999	1.594258	0.706072
"hsa-miR-5001-3p"	0.254333	0.885699	0
"hsa-miR-5002-5p"	0.508666	0.35428	0
"hsa-miR-5003-3p"	0	0	0.706072
"hsa-miR-5008-3p"	0.508666	0.17714	0.706072
"hsa-miR-5008-5p"	0.254333	0	0
"hsa-miR-500a-3p"	141.154748	140.471881	141.920487
"hsa-miR-500a-5p"	2.288996	3.719936	4.942504
"hsa-miR-500b-3p"	0.254333	1.417119	0.706072
"hsa-miR-500b-5p"	2.288996	3.719936	4.942504
"hsa-miR-501-3p"	23.907292	22.319617	18.357873
"hsa-miR-501-5p"	2.797662	3.188517	1.412144
"hsa-miR-5010-3p"	0.762999	1.417118	2.118216
"hsa-miR-502-3p"	5.595324	6.731313	6.354648
"hsa-miR-502-5p"	1.017332	0.885699	0.706072
"hsa-miR-503-3p"	0.762999	1.062839	1.412144
"hsa-miR-503-5p"	5.595324	3.542797	16.94573
"hsa-miR-504-3p"	0	0.35428	0
"hsa-miR-504-5p"	1.271665	1.417118	0
"hsa-miR-505-3p"	33.826273	25.685275	45.894684
"hsa-miR-505-5p"	4.323659	4.605636	9.178936
"hsa-miR-508-3p"	1.525998	0.53142	1.412144
"hsa-miR-509-3p"	0.508666	0.17714	0.706072
"hsa-miR-5090"	0.508666	0.17714	0
"hsa-miR-5091"	0	0.53142	0
"hsa-miR-511-3p"	0.762999	0.35428	0
"hsa-miR-511-5p"	14.751308	6.908452	0.706072
"hsa-miR-512-3p"	0.254333	0	1.412144
"hsa-miR-514a-3p"	0.508666	0	0
"hsa-miR-516a-5p"	0	0	4.942504
"hsa-miR-516b-5p"	0.254333	0	1.412144
"hsa-miR-517a-3p"	0.508666	0	4.942504
"hsa-miR-517b-3p"	0.508666	0	4.942504
"hsa-miR-5187-5p"	0	0.35428	0
"hsa-miR-518b"	0	0	1.412144
"hsa-miR-518c-5p"	0	0	2.118216
"hsa-miR-518f-5p"	0	0	1.412144
"hsa-miR-519a-5p"	0	0	0.706072
"hsa-miR-519b-3p"	0	0	0.706072
"hsa-miR-519c-3p"	0	0	0.706072
"hsa-miR-519d-3p"	0	0	1.412144
"hsa-miR-520a-3p"	0	0	2.118216
"hsa-miR-520f-3p"	0.254333	0	0
"hsa-miR-520g-3p"	0	0	0.706072
"hsa-miR-523-3p"	0	0	0.706072
"hsa-miR-525-3p"	0.254333	0	0
"hsa-miR-526b-5p"	0	0.17714	7.060721
"hsa-miR-532-3p"	21.618295	25.508135	25.418595
"hsa-miR-532-5p"	567.670984	711.747806	722.311736
"hsa-miR-539-3p"	3.306328	1.062839	0.706072
"hsa-miR-539-5p"	22.889959	4.428496	9.178937
"hsa-miR-541-3p"	1.017332	0.17714	0.706072
"hsa-miR-542-3p"	248.228888	201.939399	103.792595
"hsa-miR-542-5p"	0.762999	2.302818	2.824288
"hsa-miR-543"	6.10399	0.708559	0.706072
"hsa-miR-545-5p"	0.508666	0	0
"hsa-miR-548ag"	0	0.70856	0
"hsa-miR-548au-3p"	0.254333	0	0
"hsa-miR-548aw"	0	0.35428	0
"hsa-miR-548b-3p"	0.254333	0.17714	0.706072
"hsa-miR-548ba"	0	0.17714	0
"hsa-miR-548d-3p"	0.762999	0	0
"hsa-miR-548e-3p"	0.508666	0	0
"hsa-miR-548e-5p"	0	0.17714	0
"hsa-miR-548j-5p"	0.508666	0.70856	1.412144
"hsa-miR-548k"	0	0.17714	0
"hsa-miR-548l"	0.254333	0	0
"hsa-miR-548o-3p"	0.762999	0.53142	0
"hsa-miR-548q"	0	0.17714	0
"hsa-miR-548s"	0.762999	0.17714	0
"hsa-miR-548t-5p"	0.254333	0	0.706072
"hsa-miR-548v"	1.017332	1.417119	3.53036
"hsa-miR-549a"	0	0.17714	0
"hsa-miR-550a-3-5p"	0.508666	0.35428	1.412144
"hsa-miR-550a-3p"	1.017332	2.479958	7.06072
"hsa-miR-550a-5p"	1.271665	1.062839	0.706072
"hsa-miR-551a"	0.254333	0.17714	0
"hsa-miR-551b-3p"	0	0.35428	0.706072
"hsa-miR-552-5p"	0.762999	0.531419	0
"hsa-miR-556-3p"	0.254333	0	0.706072
"hsa-miR-556-5p"	0.254333	0	0
"hsa-miR-5571-3p"	0	0.17714	0
"hsa-miR-5579-3p"	1.017332	0	0
"hsa-miR-5582-3p"	0.762999	0	0
"hsa-miR-5586-5p"	6.612655	3.365657	9.885009
"hsa-miR-5588-3p"	0	0.17714	0
"hsa-miR-5589-3p"	0.508666	0.17714	0.706072
"hsa-miR-5589-5p"	0	1.062839	0.706072
"hsa-miR-561-5p"	2.034663	2.302818	1.412144
"hsa-miR-5680"	0	0.17714	0
"hsa-miR-5683"	0	2.302818	0
"hsa-miR-5684"	0	0.17714	0
"hsa-miR-5697"	0	0	0.706072
"hsa-miR-5698"	0.508666	0	0
"hsa-miR-5699-3p"	0.508666	0.35428	0
"hsa-miR-5699-5p"	1.017332	0.708559	0
"hsa-miR-570-3p"	0.254333	0.35428	1.412144
"hsa-miR-570-5p"	0.762999	0	0
"hsa-miR-5703"	0	0.17714	0
"hsa-miR-5706"	0.508666	0.35428	1.412144
"hsa-miR-5708"	0	0.53142	0
"hsa-miR-574-3p"	89.016508	87.861352	71.31328
"hsa-miR-576-5p"	17.803301	9.211271	10.59108
"hsa-miR-577"	17.294637	1.062839	12.709298
"hsa-miR-579-3p"	0.254333	0	0
"hsa-miR-579-5p"	0.254333	1.06284	1.412144
"hsa-miR-580-3p"	0.762999	0.531419	0.706072
"hsa-miR-580-5p"	0	0	0.706072
"hsa-miR-581"	0.508666	0.35428	0.706072
"hsa-miR-582-3p"	157.940719	61.644658	142.62656
"hsa-miR-582-5p"	12.970976	3.365657	13.415369
"hsa-miR-584-3p"	1.017332	0	3.53036
"hsa-miR-584-5p"	218.726277	68.553111	217.470199
"hsa-miR-585-3p"	0	0.531419	0
"hsa-miR-585-5p"	0.254333	0.17714	0
"hsa-miR-589-3p"	1.525998	1.062838	2.118216
"hsa-miR-589-5p"	53.155572	71.387348	98.850091
"hsa-miR-590-3p"	4.069327	4.251356	2.118216
"hsa-miR-590-5p"	16.78597	5.845614	16.239658
"hsa-miR-592"	9.66465	1.062839	192.757677
"hsa-miR-598-3p"	37.641267	34.365127	26.124666
"hsa-miR-598-5p"	0	0.17714	0
"hsa-miR-605-5p"	1.017332	0.53142	0
"hsa-miR-607"	0	0	0.706072
"hsa-miR-6125"	0	0.17714	0.706072
"hsa-miR-615-3p"	0.254333	0.35428	0
"hsa-miR-616-3p"	1.525998	1.239979	0
"hsa-miR-616-5p"	1.271665	2.657097	4.236432
"hsa-miR-618"	1.780331	0.35428	4.236432
"hsa-miR-624-5p"	0.508666	1.594259	2.118216
"hsa-miR-625-3p"	128.94677	55.621904	49.425046
"hsa-miR-625-5p"	3.560661	2.125679	0.706072
"hsa-miR-627-5p"	1.525998	2.479958	2.118216
"hsa-miR-628-3p"	0.508666	0.70856	0.706072
"hsa-miR-628-5p"	4.577992	3.897077	6.354648
"hsa-miR-629-3p"	7.629986	4.959914	4.236432
"hsa-miR-629-5p"	112.923799	57.570442	69.901137
"hsa-miR-632"	0	0	0.706072
"hsa-miR-639"	0	0.35428	0
"hsa-miR-641"	0.254333	0	0
"hsa-miR-642a-3p"	0	0.17714	0
"hsa-miR-642a-5p"	3.306328	8.148432	15.533586
"hsa-miR-643"	0.254333	0	1.412144
"hsa-miR-6501-5p"	0.508666	0	0.706072
"hsa-miR-6502-3p"	0	0.17714	0
"hsa-miR-6502-5p"	0.508666	0	0
"hsa-miR-6503-5p"	0.762999	0.35428	0
"hsa-miR-6505-3p"	0	0.17714	0
"hsa-miR-6506-5p"	0	0.17714	0
"hsa-miR-6509-5p"	2.543329	1.771398	0.706072
"hsa-miR-651-5p"	1.78033	2.125678	2.824288
"hsa-miR-6510-3p"	0.762999	0.17714	0.706072
"hsa-miR-6511b-3p"	0.254333	1.417119	2.118216
"hsa-miR-6512-3p"	0	0.17714	0
"hsa-miR-6513-3p"	0	0.17714	0
"hsa-miR-6514-5p"	0	0.35428	1.412144
"hsa-miR-6515-5p"	0	0.17714	0.706072
"hsa-miR-6516-5p"	0	0.17714	0
"hsa-miR-652-3p"	15.259973	13.462627	12.709297
"hsa-miR-652-5p"	0	0.17714	0
"hsa-miR-653-3p"	0.254333	0.17714	0.706072
"hsa-miR-653-5p"	11.699313	6.908453	4.942504
"hsa-miR-654-3p"	74.773867	18.599682	31.067171
"hsa-miR-654-5p"	8.392987	0.70856	2.824288
"hsa-miR-655-3p"	8.138653	2.657098	0.706072
"hsa-miR-655-5p"	0.254333	0	0
"hsa-miR-656-3p"	1.78033	0.885699	0.706072
"hsa-miR-658"	0.254333	0	0.706072
"hsa-miR-659-5p"	2.288997	1.239979	1.412144
"hsa-miR-660-3p"	0.254333	0.17714	0.706072
"hsa-miR-660-5p"	38.658598	45.347795	64.252559
"hsa-miR-664a-3p"	18.057636	14.171187	72.019352
"hsa-miR-664a-5p"	0	0.885699	1.412144
"hsa-miR-664b-3p"	3.051995	1.062838	3.53036
"hsa-miR-664b-5p"	0	0	1.412144
"hsa-miR-665"	0.508666	0.17714	0.706072
"hsa-miR-668-3p"	0.254333	0	0
"hsa-miR-671-3p"	2.034663	1.417119	0
"hsa-miR-671-5p"	4.577992	1.948538	6.354648
"hsa-miR-6715a-3p"	1.017332	0	6.354649
"hsa-miR-6715b-3p"	0	0	0.706072
"hsa-miR-6716-3p"	0	0.708559	0
"hsa-miR-6718-5p"	34.334938	0.708559	42.364325
"hsa-miR-6720-3p"	0.508666	0.531419	0
"hsa-miR-6721-5p"	0	0.17714	0
"hsa-miR-6723-5p"	0.508666	0	0
"hsa-miR-6727-5p"	0.254333	0.17714	0
"hsa-miR-6728-5p"	0.254333	0	0
"hsa-miR-6730-3p"	0.254333	0	0
"hsa-miR-6730-5p"	0.508666	0.17714	0
"hsa-miR-6731-5p"	0.254333	0	0
"hsa-miR-6733-3p"	0	0.53142	0
"hsa-miR-6734-5p"	0.254333	0.53142	0.706072
"hsa-miR-6737-5p"	0	0.17714	0
"hsa-miR-6745"	0	0.17714	0
"hsa-miR-6746-3p"	0	0	0.706072
"hsa-miR-6746-5p"	0	0.17714	0
"hsa-miR-6747-3p"	0.254333	0.17714	0
"hsa-miR-6748-3p"	0	0.17714	0
"hsa-miR-6748-5p"	0.254333	0	0.706072
"hsa-miR-675-3p"	1.271665	6.022754	128.505118
"hsa-miR-6750-3p"	0	0.17714	0
"hsa-miR-6751-5p"	0	0.17714	0
"hsa-miR-6754-3p"	0	0.17714	0
"hsa-miR-6755-5p"	1.017332	0.885699	1.412144
"hsa-miR-6758-3p"	0	0.17714	0
"hsa-miR-676-3p"	0.762999	1.771398	4.942504
"hsa-miR-676-5p"	0.508666	0.17714	0
"hsa-miR-6761-3p"	0	0	0.706072
"hsa-miR-6761-5p"	0.508666	0.35428	1.412144
"hsa-miR-6769a-3p"	0	0.17714	0
"hsa-miR-6771-5p"	0	0.17714	0
"hsa-miR-6772-3p"	0	0.53142	0.706072
"hsa-miR-6774-3p"	0	0.17714	0
"hsa-miR-6777-5p"	0	0	1.412144
"hsa-miR-6779-5p"	0.254333	0	0
"hsa-miR-6781-3p"	0	0.17714	0
"hsa-miR-6782-3p"	0	0.17714	0
"hsa-miR-6783-3p"	0	0.17714	0
"hsa-miR-6786-3p"	0.254333	0	0
"hsa-miR-6788-5p"	0	0.17714	0
"hsa-miR-6791-3p"	0	0.17714	0
"hsa-miR-6792-3p"	0	0.17714	0
"hsa-miR-6793-3p"	0.254333	0	0
"hsa-miR-6793-5p"	0.508666	0	0
"hsa-miR-6796-5p"	0	0.17714	0
"hsa-miR-6798-3p"	0	0.35428	0
"hsa-miR-6802-3p"	0.254333	0.17714	0.706072
"hsa-miR-6803-3p"	0.254333	0.17714	0
"hsa-miR-6805-5p"	0.254333	0	0
"hsa-miR-6806-3p"	1.271665	1.062838	0
"hsa-miR-6808-3p"	0.254333	0.35428	0
"hsa-miR-6810-3p"	0.254333	0	0
"hsa-miR-6812-3p"	0	0.17714	0
"hsa-miR-6813-3p"	0.508666	0	0
"hsa-miR-6814-3p"	0	0.17714	0
"hsa-miR-6815-3p"	0	0.531419	0
"hsa-miR-6815-5p"	0	0.35428	0.706072
"hsa-miR-6818-3p"	0.254333	0	0
"hsa-miR-6820-3p"	0.254333	0.531419	0.706072
"hsa-miR-6820-5p"	0	0	0.706072
"hsa-miR-6821-5p"	0	0.17714	0
"hsa-miR-6822-3p"	0.254333	0	0
"hsa-miR-6833-3p"	0.254333	0	0
"hsa-miR-6834-5p"	0	0	0.706072
"hsa-miR-6836-5p"	0	0	0.706072
"hsa-miR-6837-3p"	0.254333	0.53142	2.118216
"hsa-miR-6837-5p"	0	0.17714	0
"hsa-miR-6839-5p"	0.254333	0	0
"hsa-miR-6842-3p"	1.78033	0.885699	0
"hsa-miR-6842-5p"	0.254333	0	0
"hsa-miR-6843-3p"	0.254333	1.239979	0
"hsa-miR-6851-3p"	0	0.17714	0.706072
"hsa-miR-6852-5p"	0.254333	0.17714	0.706072
"hsa-miR-6854-5p"	1.525998	0.35428	2.118216
"hsa-miR-6855-5p"	0	0.17714	0
"hsa-miR-6858-5p"	0.254333	0	0.706072
"hsa-miR-6860"	0.508666	0.35428	0
"hsa-miR-6866-3p"	0	0.17714	0
"hsa-miR-6868-3p"	0	0.35428	0.706072
"hsa-miR-6874-3p"	0	0.17714	0
"hsa-miR-6875-5p"	0.254333	0.53142	0
"hsa-miR-6877-5p"	0	0	0.706072
"hsa-miR-6879-3p"	0.254333	0	0
"hsa-miR-6881-5p"	0.254333	0	0
"hsa-miR-6883-3p"	0	0	0.706072
"hsa-miR-6885-3p"	0	0.17714	0
"hsa-miR-6888-3p"	0	0	0.706072
"hsa-miR-6891-5p"	0.508666	0.70856	0
"hsa-miR-6892-5p"	1.525998	0.531419	0
"hsa-miR-6894-3p"	0	0.17714	0.706072
"hsa-miR-6894-5p"	0.254333	0	0
"hsa-miR-6895-3p"	0	0.17714	0
"hsa-miR-6895-5p"	0	0.17714	0
"hsa-miR-7-1-3p"	24.161625	7.439872	31.773244
"hsa-miR-7-5p"	0.762999	0.35428	0
"hsa-miR-708-3p"	121.825449	26.393834	2.824288
"hsa-miR-708-5p"	22.12696	9.74269	2.824288
"hsa-miR-7110-3p"	0.254333	0.53142	0
"hsa-miR-7110-5p"	0.254333	0.17714	0
"hsa-miR-7112-3p"	0	0.17714	0
"hsa-miR-7151-5p"	0	0.17714	0
"hsa-miR-7155-5p"	0	0.17714	0
"hsa-miR-744-3p"	10.427649	7.794153	7.060721
"hsa-miR-744-5p"	30.265612	29.050931	19.063946
"hsa-miR-758-3p"	34.843605	6.908454	16.239658
"hsa-miR-758-5p"	11.44498	2.657098	3.53036
"hsa-miR-760"	0.508666	0.17714	1.412144
"hsa-miR-7641"	0	0.17714	0
"hsa-miR-765"	0.254333	0.17714	0
"hsa-miR-766-3p"	9.918983	6.022754	8.472865
"hsa-miR-766-5p"	0	0.35428	0
"hsa-miR-769-3p"	0.508666	1.417118	0.706072
"hsa-miR-769-5p"	12.970978	13.285487	15.533585
"hsa-miR-7702"	5.086658	0.35428	0
"hsa-miR-7705"	0	0.35428	0.706072
"hsa-miR-7706"	0.762999	2.657098	2.118216
"hsa-miR-7844-5p"	0.254333	0.17714	0
"hsa-miR-7849-3p"	0	0.17714	0
"hsa-miR-7850-5p"	0	0	0.706072
"hsa-miR-7854-3p"	0	0.17714	0
"hsa-miR-7974"	0.254333	0.17714	2.824288
"hsa-miR-802"	0	0.17714	0
"hsa-miR-8083"	0	0.35428	0
"hsa-miR-873-5p"	0.508666	0	0
"hsa-miR-874-3p"	31.282945	107.701012	134.859766
"hsa-miR-874-5p"	1.271665	3.719937	2.824288
"hsa-miR-877-3p"	0.508666	0.17714	0
"hsa-miR-877-5p"	1.271665	0.885699	0.706072
"hsa-miR-885-3p"	0.254333	0	0.706072
"hsa-miR-885-5p"	4.069326	0.531419	83.316505
"hsa-miR-887-3p"	6.612654	1.062839	0
"hsa-miR-887-5p"	0.508666	0.35428	0.706072
"hsa-miR-889-3p"	86.981844	13.994046	23.300379
"hsa-miR-891a-5p"	0	0.885699	0
"hsa-miR-9-3p"	0.254333	0	0
"hsa-miR-9-5p"	82.912521	38.970763	523.905481
"hsa-miR-92a-1-5p"	2.288996	1.417119	2.824288
"hsa-miR-92a-3p"	7939.000806	7191.345374	14658.056351
"hsa-miR-92b-3p"	67.652546	63.947476	36.715747
"hsa-miR-92b-5p"	1.017332	0	0.706072
"hsa-miR-93-3p"	7.629987	6.731312	8.472865
"hsa-miR-93-5p"	2967.047361	3668.742864	8454.507069
"hsa-miR-934"	0	3.365657	0
"hsa-miR-935"	0.508666	2.302817	0
"hsa-miR-937-3p"	2.034664	1.948539	1.412144
"hsa-miR-937-5p"	0	0.35428	0
"hsa-miR-938"	0.254333	0	0
"hsa-miR-939-5p"	1.017332	1.417119	2.118216
"hsa-miR-940"	0.254333	2.479957	0
"hsa-miR-942-3p"	0	0	0.706072
"hsa-miR-942-5p"	8.138652	3.897076	7.766792
"hsa-miR-944"	0.254333	0.885699	0.706072
"hsa-miR-95-3p"	9.410317	10.45125	2.118216
"hsa-miR-95-5p"	0	0.17714	0
"hsa-miR-96-3p"	0	0	0.706072
"hsa-miR-96-5p"	5.340991	13.639767	41.658252
"hsa-miR-98-3p"	1.78033	1.417119	0
"hsa-miR-98-5p"	41.964925	43.753537	22.594307
"hsa-miR-99a-3p"	1.271665	2.302818	1.412144
"hsa-miR-99a-5p"	385.568645	498.825741	230.179498
"hsa-miR-99b-3p"	64.346218	68.375972	28.948955
"hsa-miR-99b-5p"	14752.832952	22605.698447	9207.179906
